0 3 
1 3 
2 3 
3 3 
4 3 10 
5 3 
6 3 
7 10 
8 10 
9 
10 16 18 
11 10 
12 10 
13 16 18 
14 16 18 
15 
16 23 24 
17 16 18 
18 59 
19 23 24 
20 23 24 
21 
22 23 24 
23 38 45 
24 63 
25 5 
26 5 
27 
28 5 
29 5 
30 5 
31 11 28 
32 
33 11 28 
34 11 28 
35 11 28 
36 17 33 40 
37 
38 17 33 40 
39 17 33 40 
40 60 73 
41 38 45 
42 
43 38 45 
44 38 45 
45 65 77 
46 6 
47 6 
48 
49 6 12 54 
50 6 
51 6 
52 12 54 
53 
54 59 
55 12 54 
56 12 54 
57 59 
58 
59 63 
60 59 
61 59 
62 63 
63 63 
64 63 
65 63 
66 63 
67 30 50 
68 
69 30 50 
70 30 50 
71 30 50 
72 
73 35 55 69 
74 35 55 69 
75 35 55 69 
76 
77 60 73 
78 60 73 
79 60 73 
80 
81 65 77 
82 65 77 
83 65 77 
